-3.477208001825347894e-02 6.488531613127097863e-02 0.000000000000000000e+00
-3.441225996705263995e-02 6.500689470968633310e-02 0.000000000000000000e+00
-3.405797103048344848e-02 6.503406575812702151e-02 0.000000000000000000e+00
-3.370438539085413021e-02 6.504923266910316026e-02 0.000000000000000000e+00
-3.335114931583654796e-02 6.505843307965851474e-02 0.000000000000000000e+00
-3.299813234516554838e-02 6.506389373405394028e-02 0.000000000000000000e+00
-3.264526993577646086e-02 6.506671627722730722e-02 0.000000000000000000e+00
-3.229252491690268873e-02 6.506753515362236062e-02 0.000000000000000000e+00
-3.193987376545291690e-02 6.506675186412713696e-02 0.000000000000000000e+00
-3.158730060824271879e-02 6.506463733819164985e-02 0.000000000000000000e+00
-3.123479422693936636e-02 6.506138305453174064e-02 0.000000000000000000e+00
-3.088234641347541512e-02 6.505712911153492539e-02 0.000000000000000000e+00
-3.052995100006308804e-02 6.505198078333276901e-02 0.000000000000000000e+00
-3.017760325412061767e-02 6.504601884742224061e-02 0.000000000000000000e+00
-2.982529948336588854e-02 6.503930632507401444e-02 0.000000000000000000e+00
-2.947303676826225696e-02 6.503189304804687931e-02 0.000000000000000000e+00
-2.912081277495014164e-02 6.502381885154158436e-02 0.000000000000000000e+00
-2.876862562088141825e-02 6.501511586760344574e-02 0.000000000000000000e+00
-2.841647377602736155e-02 6.500581021134230197e-02 0.000000000000000000e+00
-2.806435598873802464e-02 6.499592324639279217e-02 0.000000000000000000e+00
-2.771227122908266963e-02 6.498547255200175232e-02 0.000000000000000000e+00
-2.736021864484214361e-02 6.497447267416632533e-02 0.000000000000000000e+00
-2.700819752682702413e-02 6.496293571759814700e-02 0.000000000000000000e+00
-2.665620728118371641e-02 6.495087181841269208e-02 0.000000000000000000e+00
-2.630424740701622216e-02 6.493828952608997340e-02 0.000000000000000000e+00
-2.595231747810742770e-02 6.492519611546260228e-02 0.000000000000000000e+00
-2.560041712784281651e-02 6.491159784404360034e-02 0.000000000000000000e+00
-2.524854603666593089e-02 6.489750016614183326e-02 0.000000000000000000e+00
-2.489670392155801659e-02 6.488290791242672106e-02 0.000000000000000000e+00
-2.454489052715375791e-02 6.486782544156940999e-02 0.000000000000000000e+00
-2.419310561819282279e-02 6.485225676908204506e-02 0.000000000000000000e+00
-2.384134897307327305e-02 6.483620567735089157e-02 0.000000000000000000e+00
-2.348962037832250799e-02 6.481967581000852574e-02 0.000000000000000000e+00
-2.313791962383958747e-02 6.480267075313966840e-02 0.000000000000000000e+00
-2.278624649879199687e-02 6.478519410531655143e-02 0.000000000000000000e+00
-2.243460078807283167e-02 6.476724953806990703e-02 0.000000000000000000e+00
-2.208298226924182081e-02 6.474884084809977292e-02 0.000000000000000000e+00
-2.173139070988806820e-02 6.472997200229008152e-02 0.000000000000000000e+00
-2.137982586536302937e-02 6.471064717640252761e-02 0.000000000000000000e+00
-2.102828747684143407e-02 6.469087078817419012e-02 0.000000000000000000e+00
-2.067678682664243761e-02 6.467045026610122871e-02 0.000000000000000000e+00
-2.032531969709632999e-02 6.464945759919110690e-02 0.000000000000000000e+00
-1.997386500580087751e-02 6.462825263099129802e-02 0.000000000000000000e+00
-1.962242335316390779e-02 6.460682511347537460e-02 0.000000000000000000e+00
-1.927099535170032421e-02 6.458516459196921022e-02 0.000000000000000000e+00
-1.891958162553375108e-02 6.456326041365657853e-02 0.000000000000000000e+00
-1.856818280982284325e-02 6.454110173737077905e-02 0.000000000000000000e+00
-1.821679955010727103e-02 6.451867754475815175e-02 0.000000000000000000e+00
-1.786543250156804805e-02 6.449597665290282555e-02 0.000000000000000000e+00
-1.751408232819687619e-02 6.447298772850487691e-02 0.000000000000000000e+00
-1.716274970186883533e-02 6.444969930370757216e-02 0.000000000000000000e+00
-1.681143530131272434e-02 6.442609979367237838e-02 0.000000000000000000e+00
-1.646013981097307205e-02 6.440217751600262053e-02 0.000000000000000000e+00
-1.610886391975770507e-02 6.437792071212036782e-02 0.000000000000000000e+00
-1.575760831966469683e-02 6.435331757070233971e-02 0.000000000000000000e+00
-1.540637370428227758e-02 6.432835625328368889e-02 0.000000000000000000e+00
-1.505516076715537194e-02 6.430302492213955945e-02 0.000000000000000000e+00
-1.470397020001203148e-02 6.427731177055602541e-02 0.000000000000000000e+00
-1.435280269084342544e-02 6.425120505560229234e-02 0.000000000000000000e+00
-1.400165892183063282e-02 6.422469313351661380e-02 0.000000000000000000e+00
-1.365053956711181730e-02 6.419776449781762484e-02 0.000000000000000000e+00
-1.329944529038324004e-02 6.417040782025081047e-02 0.000000000000000000e+00
-1.294837674232791544e-02 6.414261199467778674e-02 0.000000000000000000e+00
-1.259733455786572753e-02 6.411436618401196441e-02 0.000000000000000000e+00
-1.224631935321937592e-02 6.408565987029847533e-02 0.000000000000000000e+00
-1.189533172279078066e-02 6.405648290802914979e-02 0.000000000000000000e+00
-1.154437223584317898e-02 6.402682558077373021e-02 0.000000000000000000e+00
-1.119344143298493625e-02 6.399667866119566895e-02 0.000000000000000000e+00
-1.084253982245197805e-02 6.396603347450541266e-02 0.000000000000000000e+00
-1.049166787618693690e-02 6.393488196538305024e-02 0.000000000000000000e+00
-1.014082602571466513e-02 6.390321676837663889e-02 0.000000000000000000e+00
-9.790014657815730367e-03 6.387103128174913269e-02 0.000000000000000000e+00
-9.439234110001928912e-03 6.383831974470413617e-02 0.000000000000000000e+00
-9.088484665801145959e-03 6.380507731786592973e-02 0.000000000000000000e+00
-8.737766549863027615e-03 6.377130016681795133e-02 0.000000000000000000e+00
-8.387079922902435439e-03 6.373698554841016051e-02 0.000000000000000000e+00
-8.036424876504881173e-03 6.370213189942199039e-02 0.000000000000000000e+00
-7.685801427827899761e-03 6.366673892700169812e-02 0.000000000000000000e+00
-7.335209514245506941e-03 6.363080770007685516e-02 0.000000000000000000e+00
-6.984648988001101490e-03 6.359434074062110531e-02 0.000000000000000000e+00
-6.634119610959581491e-03 6.355734211322745797e-02 0.000000000000000000e+00
-6.283621049585489012e-03 6.351981751082280692e-02 0.000000000000000000e+00
-5.933152870326387045e-03 6.348177433346734178e-02 0.000000000000000000e+00
-5.582714535657142679e-03 6.344322175587156776e-02 0.000000000000000000e+00
-5.232305401156558088e-03 6.340417077729423867e-02 0.000000000000000000e+00
-4.881924714164600013e-03 6.336463424446089898e-02 0.000000000000000000e+00
-4.531571614847439318e-03 6.332462683338554998e-02 0.000000000000000000e+00
-4.181245140947824693e-03 6.328416496828920268e-02 0.000000000000000000e+00
-3.830944238249088616e-03 6.324326664299582956e-02 0.000000000000000000e+00
-3.480667780076349225e-03 6.320195108807705187e-02 0.000000000000000000e+00
-3.130414601485935044e-03 6.316023818729256389e-02 0.000000000000000000e+00
-2.780183558178783449e-03 6.311814747203102482e-02 0.000000000000000000e+00
-2.429973628918241473e-03 6.307569637319915268e-02 0.000000000000000000e+00
-2.079784098927078655e-03 6.303289709092158022e-02 0.000000000000000000e+00
-1.729614905348985428e-03 6.298975069805681781e-02 0.000000000000000000e+00
-1.379467339825008951e-03 6.294623514831934608e-02 0.000000000000000000e+00
-1.029345651123803398e-03 6.290227792189805045e-02 0.000000000000000000e+00
-6.792614280097816022e-04 6.285768121677648423e-02 0.000000000000000000e+00
-3.292503140272656239e-04 6.281183665360846879e-02 0.000000000000000000e+00
2.038709097702857699e-05 6.275961346491060189e-02 0.000000000000000000e+00
